{
 "cells": [
  {
   "cell_type": "markdown",
   "metadata": {},
   "source": [
    "### Logistic Regression with the [Iris Dataset](https://archive.ics.uci.edu/ml/datasets/iris)"
   ]
  },
  {
   "cell_type": "code",
   "execution_count": 1,
   "metadata": {
    "scrolled": true
   },
   "outputs": [
    {
     "name": "stdout",
     "output_type": "stream",
     "text": [
      "Feature vector for the first instance [5.1 3.5 1.4 0.2]\n",
      "Label for the first instance: 0\n",
      "Label set: {0, 1, 2}\n"
     ]
    }
   ],
   "source": [
    "from sklearn.datasets import load_iris\n",
    "\n",
    "# load iris dataset\n",
    "X, y = load_iris(return_X_y=True)\n",
    "\n",
    "print('Feature vector for the first instance', X[0])\n",
    "print('Label for the first instance:', y[0])\n",
    "print('Label set:', set(y))"
   ]
  },
  {
   "cell_type": "code",
   "execution_count": 2,
   "metadata": {},
   "outputs": [
    {
     "name": "stdout",
     "output_type": "stream",
     "text": [
      "150 150\n"
     ]
    }
   ],
   "source": [
    "print(len(X), len(y))"
   ]
  },
  {
   "cell_type": "code",
   "execution_count": 14,
   "metadata": {},
   "outputs": [
    {
     "data": {
      "text/plain": [
       "array([0, 0, 0, 0, 0, 0, 0, 0, 0, 0, 0, 0, 0, 0, 0, 0, 0, 0, 0, 0, 0, 0,\n",
       "       0, 0, 0, 0, 0, 0, 0, 0, 0, 0, 0, 0, 0, 0, 0, 0, 0, 0, 0, 0, 0, 0,\n",
       "       0, 0, 0, 0, 0, 0, 1, 1, 1, 1, 1, 1, 1, 1, 1, 1, 1, 1, 1, 1, 1, 1,\n",
       "       1, 1, 1, 1, 1, 1, 1, 1, 1, 1, 1, 1, 1, 1, 1, 1, 1, 1, 1, 1, 1, 1,\n",
       "       1, 1, 1, 1, 1, 1, 1, 1, 1, 1, 1, 1, 2, 2, 2, 2, 2, 2, 2, 2, 2, 2,\n",
       "       2, 2, 2, 2, 2, 2, 2, 2, 2, 2, 2, 2, 2, 2, 2, 2, 2, 2, 2, 2, 2, 2,\n",
       "       2, 2, 2, 2, 2, 2, 2, 2, 2, 2, 2, 2, 2, 2, 2, 2, 2, 2])"
      ]
     },
     "execution_count": 14,
     "metadata": {},
     "output_type": "execute_result"
    }
   ],
   "source": [
    "y"
   ]
  },
  {
   "cell_type": "code",
   "execution_count": 17,
   "metadata": {},
   "outputs": [
    {
     "name": "stdout",
     "output_type": "stream",
     "text": [
      "120 30\n"
     ]
    }
   ],
   "source": [
    "from sklearn.model_selection import train_test_split\n",
    "\n",
    "# splitting the train-test sets\n",
    "X_train, X_test, y_train, y_test = train_test_split(X, y, random_state=1, test_size=0.2, shuffle=True)\n",
    "\n",
    "print(len(X_train), len(X_test))"
   ]
  },
  {
   "cell_type": "code",
   "execution_count": 18,
   "metadata": {},
   "outputs": [
    {
     "data": {
      "text/plain": [
       "array([0, 1, 1, 0, 2, 1, 2, 0, 0, 2, 1, 0, 2, 1, 1, 0, 1, 1, 0, 0, 1, 1,\n",
       "       1, 0, 2, 1, 0, 0, 1, 2])"
      ]
     },
     "execution_count": 18,
     "metadata": {},
     "output_type": "execute_result"
    }
   ],
   "source": [
    "y_test"
   ]
  },
  {
   "cell_type": "code",
   "execution_count": 19,
   "metadata": {},
   "outputs": [
    {
     "data": {
      "text/plain": [
       "array([1, 2, 1, 2, 2, 0, 1, 0, 1, 2, 2, 0, 2, 2, 1, 2, 0, 0, 0, 1, 0, 0,\n",
       "       2, 2, 2, 2, 2, 1, 2, 1, 0, 2, 2, 0, 0, 2, 0, 2, 2, 1, 1, 2, 2, 0,\n",
       "       1, 1, 2, 1, 2, 1, 0, 0, 0, 2, 0, 1, 2, 2, 0, 0, 1, 0, 2, 1, 2, 2,\n",
       "       1, 2, 2, 1, 0, 1, 0, 1, 1, 0, 1, 0, 0, 2, 2, 2, 0, 0, 1, 0, 2, 0,\n",
       "       2, 2, 0, 2, 0, 1, 0, 1, 1, 0, 0, 1, 0, 1, 1, 0, 1, 1, 1, 1, 2, 0,\n",
       "       0, 2, 1, 2, 1, 2, 2, 1, 2, 0])"
      ]
     },
     "execution_count": 19,
     "metadata": {},
     "output_type": "execute_result"
    }
   ],
   "source": [
    "y_train"
   ]
  },
  {
   "cell_type": "code",
   "execution_count": 20,
   "metadata": {},
   "outputs": [
    {
     "name": "stdout",
     "output_type": "stream",
     "text": [
      "LogisticRegression(random_state=0)\n"
     ]
    },
    {
     "name": "stderr",
     "output_type": "stream",
     "text": [
      "/opt/homebrew/Caskroom/miniforge/base/lib/python3.9/site-packages/sklearn/linear_model/_logistic.py:763: ConvergenceWarning: lbfgs failed to converge (status=1):\n",
      "STOP: TOTAL NO. of ITERATIONS REACHED LIMIT.\n",
      "\n",
      "Increase the number of iterations (max_iter) or scale the data as shown in:\n",
      "    https://scikit-learn.org/stable/modules/preprocessing.html\n",
      "Please also refer to the documentation for alternative solver options:\n",
      "    https://scikit-learn.org/stable/modules/linear_model.html#logistic-regression\n",
      "  n_iter_i = _check_optimize_result(\n"
     ]
    }
   ],
   "source": [
    "# train a logistic regression model\n",
    "from sklearn.linear_model import LogisticRegression\n",
    "\n",
    "iris_classifier = LogisticRegression(random_state=0).fit(X_train, y_train)\n",
    "\n",
    "print(iris_classifier)"
   ]
  },
  {
   "cell_type": "code",
   "execution_count": 21,
   "metadata": {},
   "outputs": [
    {
     "name": "stdout",
     "output_type": "stream",
     "text": [
      "30\n",
      "[0 1 1 0 2 1 2 0 0 2 1 0 2 1 1 0 1 1 0 0 1 1 2 0 2 1 0 0 1 2]\n"
     ]
    }
   ],
   "source": [
    "y_pred = iris_classifier.predict(X_test)\n",
    "print(len(y_pred))\n",
    "print(y_pred)"
   ]
  },
  {
   "cell_type": "code",
   "execution_count": 22,
   "metadata": {},
   "outputs": [
    {
     "name": "stdout",
     "output_type": "stream",
     "text": [
      "[[9.84744073e-01 1.52559056e-02 2.17116747e-08]\n",
      " [2.75964608e-01 7.21389276e-01 2.64611582e-03]\n",
      " [6.26183942e-03 8.89269601e-01 1.04468559e-01]\n",
      " [9.85519676e-01 1.44802609e-02 6.32023982e-08]\n",
      " [1.17380307e-06 1.90328641e-02 9.80965962e-01]\n",
      " [4.50987789e-03 6.27949277e-01 3.67540845e-01]\n",
      " [1.46361748e-04 1.27813631e-01 8.72040008e-01]\n",
      " [9.57848902e-01 4.21498727e-02 1.22550740e-06]\n",
      " [9.69638951e-01 3.03607410e-02 3.08195557e-07]\n",
      " [9.70232787e-06 2.70760188e-02 9.72914279e-01]\n",
      " [1.89532371e-02 8.79791036e-01 1.01255727e-01]\n",
      " [9.66507368e-01 3.34921905e-02 4.41551768e-07]\n",
      " [4.69622105e-06 3.10303569e-02 9.68964947e-01]\n",
      " [7.12313068e-03 8.01908675e-01 1.90968194e-01]\n",
      " [6.95988664e-03 7.49241659e-01 2.43798454e-01]\n",
      " [9.88139092e-01 1.18608411e-02 6.68989241e-08]\n",
      " [2.24761580e-02 9.37038083e-01 4.04857588e-02]\n",
      " [1.09313431e-02 6.81918324e-01 3.07150333e-01]\n",
      " [9.59506597e-01 4.04931009e-02 3.02226670e-07]\n",
      " [9.82127776e-01 1.78721767e-02 4.71802494e-08]\n",
      " [1.18129979e-02 8.47399398e-01 1.40787604e-01]\n",
      " [1.27708388e-02 6.45637330e-01 3.41591831e-01]\n",
      " [7.45006475e-04 4.43744686e-01 5.55510308e-01]\n",
      " [9.84537695e-01 1.54622340e-02 7.06720935e-08]\n",
      " [8.01127716e-06 5.44154790e-02 9.45576510e-01]\n",
      " [2.45831433e-02 9.02484747e-01 7.29321096e-02]\n",
      " [9.86667769e-01 1.33321882e-02 4.22538111e-08]\n",
      " [9.81930860e-01 1.80690060e-02 1.33729693e-07]\n",
      " [4.03440904e-03 8.05534165e-01 1.90431426e-01]\n",
      " [3.42977073e-04 2.57990980e-01 7.41666043e-01]]\n"
     ]
    }
   ],
   "source": [
    "y_pred_prob = iris_classifier.predict_proba(X_test)\n",
    "print(y_pred_prob)"
   ]
  },
  {
   "cell_type": "code",
   "execution_count": 23,
   "metadata": {},
   "outputs": [
    {
     "data": {
      "text/plain": [
       "0.9666666666666667"
      ]
     },
     "execution_count": 23,
     "metadata": {},
     "output_type": "execute_result"
    }
   ],
   "source": [
    "iris_classifier.score(X_test, y_test)"
   ]
  },
  {
   "cell_type": "code",
   "execution_count": 24,
   "metadata": {},
   "outputs": [
    {
     "data": {
      "text/plain": [
       "0.9666666666666667"
      ]
     },
     "execution_count": 24,
     "metadata": {},
     "output_type": "execute_result"
    }
   ],
   "source": [
    "# accuracy\n",
    "sum(y_test == y_pred) / len(y_test)"
   ]
  },
  {
   "cell_type": "code",
   "execution_count": 25,
   "metadata": {},
   "outputs": [
    {
     "data": {
      "text/plain": [
       "array([[11,  0,  0],\n",
       "       [ 0, 12,  1],\n",
       "       [ 0,  0,  6]])"
      ]
     },
     "execution_count": 25,
     "metadata": {},
     "output_type": "execute_result"
    }
   ],
   "source": [
    "from sklearn.metrics import confusion_matrix\n",
    "confusion_matrix(y_test, y_pred)"
   ]
  }
 ],
 "metadata": {
  "kernelspec": {
   "display_name": "Python 3",
   "language": "python",
   "name": "python3"
  },
  "language_info": {
   "codemirror_mode": {
    "name": "ipython",
    "version": 3
   },
   "file_extension": ".py",
   "mimetype": "text/x-python",
   "name": "python",
   "nbconvert_exporter": "python",
   "pygments_lexer": "ipython3",
   "version": "3.9.2"
  }
 },
 "nbformat": 4,
 "nbformat_minor": 4
}
